
0.369 0.365 1.877 3.486 8.663
0.386 0.382 1.915 3.447 8.837
0.432 0.402 1.915 3.486 8.949
0.433 0.422 1.877 3.371 8.832
0.444 0.442 1.992 3.447 8.91
0.472 0.463 2.106 3.409 9.023
0.486 0.483 2.068 3.332 9.049
0.504 0.502 2.145 3.409 9.222
0.525 0.523 2.221 3.409 9.261
0.544 0.542 2.221 3.447 8.962
0.564 0.562 2.375 3.447 8.943
0.583 0.582 2.719 3.447 8.917
0.603 0.602 2.873 3.486 8.864
0.628 0.622 2.834 3.562 8.806
0.645 0.642 2.643 3.332 8.763
0.664 0.662 2.451 3.562 8.788
0.684 0.682 2.719 3.792 8.753
0.704 0.702 3.102 3.715 8.705
0.724 0.722 2.528 3.486 8.683
0.755 0.742 2.183 3.294 8.774
0.764 0.762 1.992 3.332 8.859
0.783 0.782 1.992 3.294 8.904
0.803 0.802 1.953 3.294 8.942
0.823 0.822 1.838 3.256 8.969
0.844 0.842 1.762 3.102 8.999
0.864 0.862 1.647 3.179 9.042
0.883 0.882 1.532 3.141 9.083
0.903 0.902 1.494 3.256 9.094
0.923 0.922 1.647 2.911 9.099
0.943 0.942 1.762 3.486 9.089
0.964 0.962 2.451 3.562 9.075
0.984 0.982 2.451 3.601 9.0
1.004 1.003 2.451 3.601 8.958
1.023 1.022 2.528 3.945 8.913
1.043 1.042 2.643 3.792 8.842
1.063 1.062 2.336 3.524 8.794
1.083 1.082 1.532 3.486 8.832
1.103 1.102 1.225 3.256 8.9
1.123 1.122 1.187 3.141 8.974
1.146 1.142 0.996 2.988 9.04
1.163 1.162 0.612 2.719 9.11
1.183 1.182 0.421 2.566 9.185
1.204 1.202 0.574 2.566 9.249
1.223 1.222 0.842 2.451 9.285
1.243 1.242 0.919 2.298 9.323
1.263 1.262 0.919 2.221 9.359
1.283 1.282 0.957 2.183 9.391
1.303 1.302 0.842 2.183 9.425
1.323 1.322 0.842 2.183 9.444
1.343 1.342 0.459 2.298 9.417
1.365 1.363 0.804 1.915 9.46
1.383 1.382 0.651 1.915 9.512
1.403 1.402 0.651 2.183 9.506
1.424 1.422 0.574 1.877 9.527
1.443 1.442 0.383 1.877 9.557
1.463 1.462 0.459 1.723 9.577
1.483 1.482 0.459 1.57 9.604
1.504 1.502 0.536 1.34 9.636
1.523 1.522 -0.306 0.766 9.707
1.543 1.542 0.114 1.187 9.727
1.563 1.562 0.804 1.149 9.7
1.584 1.582 0.996 1.838 9.699
1.604 1.602 1.8 1.608 9.671
1.623 1.622 1.877 2.26 9.626
1.643 1.642 2.988 2.719 9.567
1.665 1.662 3.141 1.8 9.554
1.688 1.682 3.715 1.877 9.548
1.703 1.702 3.83 1.379 9.544
1.723 1.722 4.022 1.379 4.903
1.743 1.742 3.869 0.919 4.903
1.763 1.762 4.06 1.034 4.903
1.783 1.782 4.175 0.842 4.903
1.803 1.802 4.06 0.766 4.903
1.824 1.822 3.945 1.149 4.903
1.843 1.842 3.371 1.264 4.903
1.863 1.862 3.371 1.11 4.903
1.884 1.882 3.754 0.881 4.903
1.904 1.902 2.834 0.229 4.903
1.923 1.922 0.727 0.536 11.857
1.944 1.942 -0.766 1.762 9.831
1.963 1.962 -1.149 2.758 7.854
1.983 1.982 -2.413 3.907 5.989
2.004 2.002 -2.834 4.635 4.903
2.024 2.022 -2.528 5.095 4.903
2.043 2.042 -2.643 5.554 4.903
2.063 2.062 -2.873 5.899 4.903
2.083 2.082 -3.026 6.205 4.903
2.103 2.102 -3.064 6.32 4.903
2.123 2.122 -2.988 6.244 4.903
2.143 2.142 -3.486 5.861 -1.069
2.166 2.163 -3.409 5.286 -1.122
2.184 2.182 -2.873 5.018 -1.156
2.204 2.202 -1.992 4.443 -1.219
2.223 2.222 -1.11 3.409 4.903
2.243 2.242 -0.421 2.221 4.903
2.263 2.262 0.229 0.804 4.903
2.283 2.282 0.344 -0.766 4.903
2.304 2.302 0.153 -2.221 4.903
2.323 2.322 0.804 -2.681 4.903
2.347 2.342 1.723 -2.949 4.903
2.363 2.362 2.336 -3.524 4.903
2.383 2.382 2.221 -3.409 4.903
2.404 2.402 2.49 -2.949 8.463
2.423 2.422 2.988 -2.566 11.095
2.443 2.442 2.988 -2.145 4.903
2.463 2.462 2.221 -1.494 4.903
2.483 2.482 1.915 -0.842 4.903
2.504 2.502 1.992 -0.038 4.903
2.523 2.522 1.8 0.344 4.903
2.544 2.542 1.57 0.612 4.903
2.563 2.562 1.34 0.804 4.903
2.583 2.582 1.072 0.881 13.29
2.603 2.602 1.034 0.651 12.418
2.626 2.622 0.842 0.344 11.755
2.643 2.642 0.498 0.038 11.219
2.663 2.662 0.459 -0.114 10.824
2.686 2.682 0.383 -0.229 10.503
2.704 2.702 0.383 -0.268 10.229
2.723 2.722 0.459 -0.383 10.019
2.743 2.742 0.498 -0.344 9.925
2.763 2.762 0.498 -0.459 9.87
2.784 2.782 0.498 -0.459 9.851
2.803 2.802 0.498 -0.612 9.864
2.823 2.822 0.612 -0.612 9.936
2.844 2.842 0.842 -0.498 10.024
2.864 2.863 1.072 -0.344 10.11
2.883 2.882 0.881 -0.383 10.174
2.904 2.903 0.651 -0.459 10.212
2.924 2.922 0.612 -0.383 10.236
2.943 2.942 0.842 -0.344 10.291
2.964 2.962 0.804 -0.306 9.772
2.983 2.982 1.34 -0.689 9.765
3.003 3.002 3.562 -1.072 9.723
3.024 3.022 6.205 -1.953 4.903
3.043 3.042 7.316 -2.834 4.903
3.064 3.062 6.244 -3.907 4.903
3.083 3.082 4.29 -5.209 4.903
3.103 3.102 4.213 -5.631 4.903
3.124 3.122 2.145 -6.78 4.903
3.144 3.142 -0.114 -5.937 4.903
3.164 3.162 -0.881 -3.907 4.903
3.184 3.182 -0.498 -1.762 4.903
3.212 3.202 -1.494 -0.344 12.233
3.225 3.222 -2.988 1.034 12.233
3.245 3.243 -2.834 2.451 11.218
3.265 3.262 -2.221 3.601 9.429
3.285 3.282 -2.375 4.443 6.904
3.306 3.302 -2.719 5.018 6.904
3.325 3.322 -3.371 4.673 4.903
3.345 3.342 -3.715 4.443 4.903
3.373 3.362 -3.601 4.482 4.903
3.386 3.382 -3.294 3.83 4.903
3.407 3.404 -2.221 3.064 4.903
3.425 3.422 -1.762 1.953 4.903
3.445 3.442 -1.379 0.766 4.903
3.464 3.462 -0.881 -0.306 4.903
3.484 3.482 -1.034 -1.992 4.903
3.504 3.502 0.191 -3.601 4.903
3.526 3.522 1.838 -4.635 4.903
3.545 3.543 3.486 -4.635 4.903
3.565 3.562 2.719 -4.099 4.903
3.588 3.582 2.796 -4.099 4.903
3.605 3.602 4.673 -3.677 6.009
3.624 3.622 4.98 -3.371 6.17
3.644 3.642 3.256 -3.026 6.448
3.673 3.667 2.566 -1.838 7.889
3.684 3.682 2.758 -1.57 7.889
3.705 3.702 3.026 -1.302 8.631
3.725 3.722 2.49 -1.187 9.263
3.750 3.742 1.608 -0.996 9.769
3.764 3.762 1.417 -0.651 10.056
3.784 3.782 1.494 -0.344 10.16
3.804 3.802 1.187 -0.306 10.155
3.831 3.829 0.996 -0.421 10.065
3.844 3.842 1.149 -0.344 10.065
3.864 3.862 1.11 -0.498 9.96
3.893 3.882 1.11 -0.536 9.857
3.905 3.903 1.034 -0.612 9.793
3.925 3.922 0.957 -0.612 9.74
3.944 3.942 0.919 -0.727 9.693
3.969 3.962 1.11 -0.689 9.7
3.984 3.982 1.187 -0.804 9.73
4.004 4.002 1.225 -0.842 9.777
4.025 4.022 1.225 -0.766 9.72
4.047 4.042 1.149 -0.727 9.718
4.064 4.062 1.264 -0.689 9.718
4.084 4.082 1.34 -0.574 9.716
4.104 4.102 1.302 -0.612 9.715
4.125 4.123 1.225 -0.536 9.715
4.144 4.142 1.187 -0.459 9.716
4.164 4.162 1.264 -0.459 9.716
4.184 4.182 1.379 -0.574 9.715
4.204 4.202 1.264 -0.612 9.714
4.225 4.222 1.225 -0.766 9.714
4.244 4.242 1.264 -0.574 9.714
4.266 4.262 1.34 -0.689 9.713
4.285 4.282 1.302 -0.574 9.711
4.304 4.302 1.187 -0.727 9.711
4.324 4.323 1.187 -0.612 9.71
4.344 4.342 1.34 -0.612 9.709
4.365 4.363 1.302 -0.651 9.709
4.384 4.382 1.225 -0.574 9.709
4.408 4.402 1.187 -0.689 9.709
4.428 4.424 1.302 -0.574 9.71
4.444 4.442 1.264 -0.651 9.709
4.464 4.462 1.225 -0.651 9.71
4.497 4.490 1.225 -0.612 9.708
4.504 4.502 1.149 -0.651 9.708
4.524 4.522 1.11 -0.689 9.709
4.544 4.542 1.187 -0.612 9.71
4.573 4.562 1.302 -0.612 9.711
4.585 4.582 1.187 -0.612 9.712
4.606 4.604 1.225 -0.651 9.711
4.624 4.622 1.302 -0.689 9.71
4.646 4.642 0.996 -0.804 9.711
4.667 4.666 0.536 -0.727 9.717
4.684 4.682 0.766 -0.612 9.721
4.704 4.702 1.455 -0.689 9.72
4.725 4.722 1.838 -0.766 9.714
4.746 4.744 2.796 -0.804 9.7
4.764 4.762 4.52 -1.072 9.66
4.786 4.782 6.78 -1.34 9.478
4.804 4.802 7.24 -2.106 9.159
4.824 4.822 6.282 -3.064 4.903
4.844 4.842 5.439 -3.83 4.903
4.864 4.862 4.903 -4.367 4.903
4.884 4.882 3.945 -4.29 4.903
4.905 4.902 2.413 -3.945 4.903
4.930 4.922 0.498 -3.026 4.903
4.945 4.942 -0.881 -1.417 4.903
4.965 4.962 -0.957 0.306 4.903
4.985 4.982 -1.34 1.379 12.922
5.005 5.002 -2.451 2.26 12.324
5.025 5.023 -2.949 3.102 12.232
5.046 5.044 -3.102 3.869 9.589
5.065 5.062 -3.562 4.252 9.589
5.090 5.082 -3.945 4.213 7.379
5.105 5.102 -3.792 4.022 4.903
5.124 5.122 -3.294 3.639 4.903
5.146 5.143 -2.375 2.911 4.903
5.164 5.162 -1.877 1.647 4.903
5.184 5.182 -0.804 0.306 4.903
5.204 5.202 0.421 -0.804 4.903
5.224 5.222 1.838 -2.183 4.903
5.244 5.242 2.068 -3.486 4.903
5.264 5.262 2.796 -4.29 4.903
5.284 5.282 4.673 -4.635 4.903
5.306 5.302 4.52 -4.213 4.903
5.324 5.322 3.409 -3.83 6.284
5.344 5.342 4.328 -3.562 7.031
5.364 5.362 6.167 -2.873 7.467
5.384 5.382 7.776 -1.379 7.51
5.404 5.402 8.121 -0.421 8.308
5.424 5.422 8.044 -0.229 9.673
5.466 5.443 7.776 -0.919 11.332
5.468 5.462 6.78 -1.953 12.904
5.483 5.482 5.171 -3.217 4.903
5.503 5.502 3.332 -4.213 4.903
5.523 5.522 2.221 -4.367 4.903
5.544 5.542 1.877 -4.328 4.903
5.565 5.562 0.344 -3.907 4.903
5.584 5.582 -1.264 -2.604 12.97
5.613 5.605 -1.072 0.114 11.921
5.625 5.622 -1.302 1.302 11.108
5.643 5.642 -2.03 2.528 10.598
5.663 5.662 -2.145 3.409 10.385
5.699 5.685 -2.068 4.635 10.232
5.703 5.702 -1.877 4.903 9.679
5.724 5.722 -2.03 5.171 8.759
5.743 5.742 -2.375 5.209 7.543
5.767 5.762 -2.796 5.018 6.191
5.783 5.782 -2.949 4.328 4.903
5.803 5.802 -2.566 3.486 4.903
5.826 5.823 -1.992 2.528 4.903
5.844 5.842 -0.689 1.225 4.903
5.863 5.862 0.536 0.383 4.903
5.886 5.882 1.225 0.153 4.903
5.909 5.905 1.647 0.191 4.903
5.923 5.922 2.221 -0.153 4.903
5.944 5.942 2.834 -0.268 5.928
5.969 5.962 3.447 0.153 6.689
5.983 5.982 3.486 0.421 7.228
6.004 6.002 3.179 0.114 7.58
6.024 6.022 2.988 0.114 7.741
6.044 6.042 2.873 0.574 7.769
6.089 6.066 2.719 0.881 7.914
6.090 6.083 2.145 1.034 8.148
6.104 6.102 1.723 1.149 8.39
6.131 6.124 1.417 1.302 8.611
6.143 6.142 1.455 1.302 8.787
6.168 6.162 1.455 1.34 8.921
6.184 6.182 1.302 1.302 9.01
6.203 6.202 1.34 0.996 9.062
6.223 6.222 1.225 0.727 9.113
6.243 6.242 1.072 0.421 9.178
6.264 6.262 0.957 0.421 9.233
6.287 6.282 0.804 0.421 9.291
6.303 6.302 0.881 0.536 9.688
6.323 6.322 0.996 0.804 9.691
6.346 6.343 1.302 0.919 9.69
6.363 6.362 1.379 0.957 9.688
6.384 6.382 1.494 1.072 9.688
6.403 6.402 1.417 1.072 9.681
6.424 6.422 1.379 1.264 9.676
6.444 6.442 1.762 1.417 9.669
6.464 6.462 1.455 1.417 9.662
6.484 6.482 1.302 1.494 9.662
6.526 6.502 1.379 1.685 9.656
6.528 6.525 1.302 1.532 9.646
6.543 6.542 1.302 1.494 9.64
6.563 6.562 1.379 1.494 9.635
6.583 6.582 1.379 1.494 9.631
6.603 6.602 1.532 1.417 9.627
6.624 6.622 1.417 1.494 9.624
6.655 6.645 1.532 1.494 9.62
6.666 6.664 1.379 1.34 9.616
6.683 6.682 1.264 1.34 9.616
6.704 6.703 1.187 1.379 9.617
6.724 6.722 1.264 1.379 9.618
6.743 6.742 1.379 1.417 9.617
6.763 6.762 1.302 1.494 9.615
6.784 6.782 1.455 1.608 9.612
6.808 6.802 1.494 1.494 9.608
6.824 6.822 1.532 1.57 9.606
6.843 6.842 1.647 1.608 9.602
6.864 6.862 1.494 1.57 9.598
6.883 6.882 1.608 1.57 9.596
6.903 6.902 1.608 1.57 9.593
6.924 6.922 1.608 1.57 9.589
6.973 6.945 1.608 1.57 9.589
6.974 6.963 1.57 1.57 9.587
6.985 6.982 1.608 1.647 9.586
7.003 7.002 1.455 1.685 9.583
7.023 7.022 1.455 1.608 9.581
7.044 7.042 1.494 1.647 9.581
7.067 7.063 1.608 1.532 9.581
7.083 7.082 1.608 1.57 9.582
7.103 7.102 1.455 1.532 9.582
7.123 7.122 1.417 1.532 9.581
7.144 7.142 1.455 1.57 9.582
7.164 7.162 1.647 1.455 9.582
7.190 7.182 1.8 1.57 9.582
7.204 7.202 1.992 1.685 9.578
7.223 7.222 1.915 1.685 9.575
